1.261200000000000000e+04
1.261200000000000000e+04
1.261200000000000000e+04
1.261200000000000000e+04
1.261200000000000000e+04
1.261200000000000000e+04
1.261200000000000000e+04
1.261200000000000000e+04
1.261200000000000000e+04
1.315100000000000000e+04
1.315100000000000000e+04
1.315100000000000000e+04
1.315100000000000000e+04
1.315100000000000000e+04
1.315100000000000000e+04
1.315100000000000000e+04
1.315100000000000000e+04
1.315100000000000000e+04
1.315100000000000000e+04
1.500000000000000000e+04
1.500000000000000000e+04
1.500000000000000000e+04
1.500000000000000000e+04
1.500000000000000000e+04
1.500000000000000000e+04
1.500000000000000000e+04
1.500000000000000000e+04
1.500000000000000000e+04
1.500000000000000000e+04
1.828100000000000000e+04
1.828100000000000000e+04
1.828100000000000000e+04
1.828100000000000000e+04
1.828100000000000000e+04
1.828100000000000000e+04
1.828100000000000000e+04
1.828100000000000000e+04
1.828100000000000000e+04
1.828100000000000000e+04
1.698700000000000000e+04
1.698700000000000000e+04
1.698700000000000000e+04
1.698700000000000000e+04
1.698700000000000000e+04
1.698700000000000000e+04
1.698700000000000000e+04
1.698700000000000000e+04
1.698700000000000000e+04
1.698700000000000000e+04
2.083300000000000000e+04
2.083300000000000000e+04
2.083300000000000000e+04
2.083300000000000000e+04
2.083300000000000000e+04
2.083300000000000000e+04
2.083300000000000000e+04
2.083300000000000000e+04
2.083300000000000000e+04
2.083300000000000000e+04
2.584700000000000000e+04
2.584700000000000000e+04
2.584700000000000000e+04
2.584700000000000000e+04
2.584700000000000000e+04
2.584700000000000000e+04
2.584700000000000000e+04
2.584700000000000000e+04
2.584700000000000000e+04
2.584700000000000000e+04
2.712100000000000000e+04
2.712100000000000000e+04
2.712100000000000000e+04
2.712100000000000000e+04
2.712100000000000000e+04
2.712100000000000000e+04
2.712100000000000000e+04
2.712100000000000000e+04
2.712100000000000000e+04
2.712100000000000000e+04
3.174700000000000000e+04
3.174700000000000000e+04
3.174700000000000000e+04
3.174700000000000000e+04
3.174700000000000000e+04
3.174700000000000000e+04
3.174700000000000000e+04
3.174700000000000000e+04
3.174700000000000000e+04
3.174700000000000000e+04
3.765300000000000000e+04
3.765300000000000000e+04
3.765300000000000000e+04
3.765300000000000000e+04
3.765300000000000000e+04
3.765300000000000000e+04
3.765300000000000000e+04
3.765300000000000000e+04
3.765300000000000000e+04
3.765300000000000000e+04
3.943800000000000000e+04
