1.261200000000000000e+04
1.261200000000000000e+04
1.261200000000000000e+04
1.261200000000000000e+04
1.261200000000000000e+04
1.261200000000000000e+04
1.261200000000000000e+04
1.261200000000000000e+04
1.261200000000000000e+04
1.261200000000000000e+04
1.261200000000000000e+04
1.261200000000000000e+04
1.261200000000000000e+04
1.261200000000000000e+04
1.261200000000000000e+04
1.261200000000000000e+04
1.261200000000000000e+04
1.261200000000000000e+04
1.261200000000000000e+04
1.261200000000000000e+04
1.261200000000000000e+04
1.261200000000000000e+04
1.261200000000000000e+04
1.261200000000000000e+04
1.261200000000000000e+04
1.261200000000000000e+04
1.261200000000000000e+04
1.261200000000000000e+04
1.261200000000000000e+04
1.261200000000000000e+04
1.261200000000000000e+04
1.261200000000000000e+04
1.261200000000000000e+04
1.261200000000000000e+04
1.261200000000000000e+04
1.261200000000000000e+04
1.261200000000000000e+04
1.261200000000000000e+04
1.261200000000000000e+04
1.261200000000000000e+04
1.261200000000000000e+04
1.261200000000000000e+04
1.261200000000000000e+04
1.261200000000000000e+04
1.261200000000000000e+04
1.261200000000000000e+04
1.261200000000000000e+04
1.261200000000000000e+04
1.261200000000000000e+04
1.261200000000000000e+04
1.261200000000000000e+04
1.261200000000000000e+04
1.261200000000000000e+04
1.261200000000000000e+04
1.261200000000000000e+04
1.261200000000000000e+04
1.261200000000000000e+04
1.261200000000000000e+04
1.261200000000000000e+04
1.442300000000000000e+04
1.442300000000000000e+04
1.442300000000000000e+04
1.442300000000000000e+04
1.442300000000000000e+04
1.442300000000000000e+04
1.442300000000000000e+04
1.442300000000000000e+04
1.442300000000000000e+04
1.442300000000000000e+04
1.874300000000000000e+04
1.874300000000000000e+04
1.874300000000000000e+04
1.874300000000000000e+04
1.874300000000000000e+04
1.874300000000000000e+04
1.874300000000000000e+04
1.874300000000000000e+04
1.874300000000000000e+04
1.874300000000000000e+04
2.398800000000000000e+04
2.398800000000000000e+04
2.398800000000000000e+04
2.398800000000000000e+04
2.398800000000000000e+04
2.398800000000000000e+04
2.398800000000000000e+04
2.398800000000000000e+04
2.398800000000000000e+04
2.398800000000000000e+04
3.048800000000000000e+04
3.048800000000000000e+04
3.048800000000000000e+04
3.048800000000000000e+04
3.048800000000000000e+04
3.048800000000000000e+04
3.048800000000000000e+04
3.048800000000000000e+04
3.048800000000000000e+04
3.048800000000000000e+04
3.843800000000000000e+04
