1.261200000000000000e+04
1.261200000000000000e+04
1.261200000000000000e+04
1.261200000000000000e+04
1.261200000000000000e+04
1.261200000000000000e+04
1.261200000000000000e+04
1.261200000000000000e+04
1.261200000000000000e+04
1.261200000000000000e+04
1.261200000000000000e+04
1.261200000000000000e+04
1.261200000000000000e+04
1.261200000000000000e+04
1.261200000000000000e+04
1.261200000000000000e+04
1.261200000000000000e+04
1.261200000000000000e+04
1.261200000000000000e+04
1.261200000000000000e+04
1.261200000000000000e+04
1.261200000000000000e+04
1.261200000000000000e+04
1.261200000000000000e+04
1.261200000000000000e+04
1.261200000000000000e+04
1.261200000000000000e+04
1.261200000000000000e+04
1.261200000000000000e+04
1.261200000000000000e+04
1.261200000000000000e+04
1.261200000000000000e+04
1.261200000000000000e+04
1.261200000000000000e+04
1.261200000000000000e+04
1.261200000000000000e+04
1.261200000000000000e+04
1.261200000000000000e+04
1.261200000000000000e+04
1.261200000000000000e+04
1.261200000000000000e+04
1.261200000000000000e+04
1.261200000000000000e+04
1.261200000000000000e+04
1.261200000000000000e+04
1.261200000000000000e+04
1.261200000000000000e+04
1.261200000000000000e+04
1.261200000000000000e+04
1.261200000000000000e+04
1.261200000000000000e+04
1.261200000000000000e+04
1.261200000000000000e+04
1.261200000000000000e+04
1.261200000000000000e+04
1.261200000000000000e+04
1.261200000000000000e+04
1.261200000000000000e+04
1.261200000000000000e+04
1.441600000000000000e+04
1.441600000000000000e+04
1.441600000000000000e+04
1.441600000000000000e+04
1.441600000000000000e+04
1.441600000000000000e+04
1.441600000000000000e+04
1.441600000000000000e+04
1.441600000000000000e+04
1.441600000000000000e+04
1.873800000000000000e+04
1.873800000000000000e+04
1.873800000000000000e+04
1.873800000000000000e+04
1.873800000000000000e+04
1.873800000000000000e+04
1.873800000000000000e+04
1.873800000000000000e+04
1.873800000000000000e+04
1.873800000000000000e+04
2.404100000000000000e+04
2.404100000000000000e+04
2.404100000000000000e+04
2.404100000000000000e+04
2.404100000000000000e+04
2.404100000000000000e+04
2.404100000000000000e+04
2.404100000000000000e+04
2.404100000000000000e+04
2.404100000000000000e+04
3.055900000000000000e+04
3.055900000000000000e+04
3.055900000000000000e+04
3.055900000000000000e+04
3.055900000000000000e+04
3.055900000000000000e+04
3.055900000000000000e+04
3.055900000000000000e+04
3.055900000000000000e+04
3.055900000000000000e+04
3.846500000000000000e+04
3.846500000000000000e+04
3.846500000000000000e+04
3.846500000000000000e+04
3.846500000000000000e+04
3.846500000000000000e+04
3.846500000000000000e+04
3.846500000000000000e+04
3.846500000000000000e+04
3.846500000000000000e+04
4.754600000000000000e+04
4.754600000000000000e+04
4.754600000000000000e+04
4.754600000000000000e+04
4.754600000000000000e+04
4.754600000000000000e+04
4.754600000000000000e+04
4.754600000000000000e+04
4.754600000000000000e+04
4.754600000000000000e+04
5.799700000000000000e+04
5.799700000000000000e+04
5.799700000000000000e+04
5.799700000000000000e+04
5.799700000000000000e+04
5.799700000000000000e+04
5.799700000000000000e+04
5.799700000000000000e+04
5.799700000000000000e+04
5.799700000000000000e+04
6.899500000000000000e+04
6.899500000000000000e+04
6.899500000000000000e+04
6.899500000000000000e+04
6.899500000000000000e+04
6.899500000000000000e+04
6.899500000000000000e+04
6.899500000000000000e+04
6.899500000000000000e+04
6.899500000000000000e+04
8.252500000000000000e+04
8.252500000000000000e+04
8.252500000000000000e+04
8.252500000000000000e+04
8.252500000000000000e+04
8.252500000000000000e+04
8.252500000000000000e+04
8.252500000000000000e+04
8.252500000000000000e+04
8.252500000000000000e+04
9.614500000000000000e+04
9.614500000000000000e+04
9.614500000000000000e+04
9.614500000000000000e+04
9.614500000000000000e+04
9.614500000000000000e+04
9.614500000000000000e+04
9.614500000000000000e+04
9.614500000000000000e+04
9.614500000000000000e+04
1.105640000000000000e+05
1.105640000000000000e+05
1.105640000000000000e+05
1.105640000000000000e+05
1.105640000000000000e+05
1.105640000000000000e+05
1.105640000000000000e+05
1.105640000000000000e+05
1.105640000000000000e+05
1.105640000000000000e+05
1.260300000000000000e+05
1.260300000000000000e+05
1.260300000000000000e+05
1.260300000000000000e+05
1.260300000000000000e+05
1.260300000000000000e+05
1.260300000000000000e+05
1.260300000000000000e+05
1.260300000000000000e+05
1.260300000000000000e+05
1.417710000000000000e+05
1.417710000000000000e+05
1.417710000000000000e+05
1.417710000000000000e+05
1.417710000000000000e+05
1.417710000000000000e+05
1.417710000000000000e+05
1.417710000000000000e+05
1.417710000000000000e+05
1.417710000000000000e+05
1.565990000000000000e+05
1.565990000000000000e+05
1.565990000000000000e+05
1.565990000000000000e+05
1.565990000000000000e+05
1.565990000000000000e+05
1.565990000000000000e+05
1.565990000000000000e+05
1.565990000000000000e+05
1.565990000000000000e+05
1.729770000000000000e+05
1.729770000000000000e+05
1.729770000000000000e+05
1.729770000000000000e+05
1.729770000000000000e+05
1.729770000000000000e+05
1.729770000000000000e+05
1.729770000000000000e+05
1.729770000000000000e+05
1.729770000000000000e+05
1.899980000000000000e+05
1.899980000000000000e+05
1.899980000000000000e+05
1.899980000000000000e+05
1.899980000000000000e+05
1.899980000000000000e+05
1.899980000000000000e+05
1.899980000000000000e+05
1.899980000000000000e+05
1.899980000000000000e+05
2.040300000000000000e+05
2.040300000000000000e+05
2.040300000000000000e+05
2.040300000000000000e+05
2.040300000000000000e+05
2.040300000000000000e+05
2.040300000000000000e+05
2.040300000000000000e+05
2.040300000000000000e+05
2.040300000000000000e+05
2.207000000000000000e+05
2.207000000000000000e+05
2.207000000000000000e+05
2.207000000000000000e+05
2.207000000000000000e+05
2.207000000000000000e+05
2.207000000000000000e+05
2.207000000000000000e+05
2.207000000000000000e+05
2.207000000000000000e+05
2.355580000000000000e+05
2.355580000000000000e+05
2.355580000000000000e+05
2.355580000000000000e+05
2.355580000000000000e+05
2.355580000000000000e+05
2.355580000000000000e+05
2.355580000000000000e+05
2.355580000000000000e+05
2.355580000000000000e+05
2.522250000000000000e+05
2.522250000000000000e+05
2.522250000000000000e+05
2.522250000000000000e+05
2.522250000000000000e+05
2.522250000000000000e+05
2.522250000000000000e+05
2.522250000000000000e+05
2.522250000000000000e+05
2.522250000000000000e+05
2.668870000000000000e+05
2.668870000000000000e+05
2.668870000000000000e+05
2.668870000000000000e+05
2.668870000000000000e+05
2.668870000000000000e+05
2.668870000000000000e+05
2.668870000000000000e+05
2.668870000000000000e+05
2.668870000000000000e+05
2.819000000000000000e+05
2.819000000000000000e+05
2.819000000000000000e+05
2.819000000000000000e+05
2.819000000000000000e+05
2.819000000000000000e+05
2.819000000000000000e+05
2.819000000000000000e+05
2.819000000000000000e+05
2.819000000000000000e+05
2.957080000000000000e+05
2.957080000000000000e+05
2.957080000000000000e+05
2.957080000000000000e+05
2.957080000000000000e+05
2.957080000000000000e+05
2.957080000000000000e+05
2.957080000000000000e+05
2.957080000000000000e+05
2.957080000000000000e+05
3.126250000000000000e+05
3.126250000000000000e+05
3.126250000000000000e+05
3.126250000000000000e+05
3.126250000000000000e+05
3.126250000000000000e+05
3.126250000000000000e+05
3.126250000000000000e+05
3.126250000000000000e+05
3.126250000000000000e+05
3.256140000000000000e+05
3.256140000000000000e+05
3.256140000000000000e+05
3.256140000000000000e+05
3.256140000000000000e+05
3.256140000000000000e+05
3.256140000000000000e+05
3.256140000000000000e+05
3.256140000000000000e+05
3.256140000000000000e+05
2.369510000000000000e+05
2.369510000000000000e+05
2.369510000000000000e+05
2.369510000000000000e+05
2.369510000000000000e+05
2.369510000000000000e+05
2.369510000000000000e+05
2.369510000000000000e+05
2.369510000000000000e+05
2.369510000000000000e+05
2.453020000000000000e+05
2.453020000000000000e+05
2.453020000000000000e+05
2.453020000000000000e+05
2.453020000000000000e+05
2.453020000000000000e+05
2.453020000000000000e+05
2.453020000000000000e+05
2.453020000000000000e+05
2.453020000000000000e+05
2.545360000000000000e+05
2.545360000000000000e+05
2.545360000000000000e+05
2.545360000000000000e+05
2.545360000000000000e+05
2.545360000000000000e+05
2.545360000000000000e+05
2.545360000000000000e+05
2.545360000000000000e+05
2.545360000000000000e+05
2.651770000000000000e+05
2.651770000000000000e+05
2.651770000000000000e+05
2.651770000000000000e+05
2.651770000000000000e+05
2.651770000000000000e+05
2.651770000000000000e+05
2.651770000000000000e+05
2.651770000000000000e+05
2.651770000000000000e+05
2.767770000000000000e+05
2.767770000000000000e+05
2.767770000000000000e+05
2.767770000000000000e+05
2.767770000000000000e+05
2.767770000000000000e+05
2.767770000000000000e+05
2.767770000000000000e+05
2.767770000000000000e+05
2.767770000000000000e+05
2.874160000000000000e+05
2.874160000000000000e+05
2.874160000000000000e+05
2.874160000000000000e+05
2.874160000000000000e+05
2.874160000000000000e+05
2.874160000000000000e+05
2.874160000000000000e+05
2.874160000000000000e+05
2.874160000000000000e+05
3.008220000000000000e+05
3.008220000000000000e+05
3.008220000000000000e+05
3.008220000000000000e+05
3.008220000000000000e+05
3.008220000000000000e+05
3.008220000000000000e+05
3.008220000000000000e+05
3.008220000000000000e+05
3.008220000000000000e+05
3.137070000000000000e+05
3.137070000000000000e+05
3.137070000000000000e+05
3.137070000000000000e+05
3.137070000000000000e+05
3.137070000000000000e+05
3.137070000000000000e+05
3.137070000000000000e+05
3.137070000000000000e+05
3.137070000000000000e+05
3.262340000000000000e+05
3.262340000000000000e+05
3.262340000000000000e+05
3.262340000000000000e+05
3.262340000000000000e+05
3.262340000000000000e+05
3.262340000000000000e+05
3.262340000000000000e+05
3.262340000000000000e+05
3.262340000000000000e+05
3.418560000000000000e+05
