1.052410751581192017e-01
1.101412624120712280e-01
1.159193292260169983e-01
1.218405365943908691e-01
1.277141273021697998e-01
1.329959928989410400e-01
1.374746561050415039e-01
1.425707340240478516e-01
1.491141021251678467e-01
1.544595807790756226e-01
1.594218760728836060e-01
1.654367893934249878e-01
1.691768169403076172e-01
1.740009486675262451e-01
1.785573512315750122e-01
1.835624128580093384e-01
1.889867186546325684e-01
1.942690312862396240e-01
2.003771066665649414e-01
2.041432261466979980e-01
2.103834748268127441e-01
2.154712378978729248e-01
2.182773202657699585e-01
2.219015657901763916e-01
2.276490330696105957e-01
2.320113629102706909e-01
2.353650778532028198e-01
2.370231747627258301e-01
2.383236140012741089e-01
2.393648773431777954e-01
2.405313253402709961e-01
2.432775795459747314e-01
2.469505667686462402e-01
2.492714375257492065e-01
2.511211335659027100e-01
2.532011270523071289e-01
2.551452815532684326e-01
2.578707039356231689e-01
2.610062062740325928e-01
2.631130814552307129e-01
2.658746838569641113e-01
2.684481143951416016e-01
2.703300416469573975e-01
2.718046009540557861e-01
2.717832028865814209e-01
2.729653716087341309e-01
2.760989367961883545e-01
2.791842520236968994e-01
2.829481959342956543e-01
2.872792482376098633e-01
2.888558506965637207e-01
2.898402214050292969e-01
2.911125719547271729e-01
2.912800312042236328e-01
2.919162213802337646e-01
2.930686473846435547e-01
2.936179041862487793e-01
2.941006124019622803e-01
2.953810095787048340e-01
3.696337044239044189e-01
3.685290515422821045e-01
3.666394948959350586e-01
3.668965399265289307e-01
3.667522668838500977e-01
3.657718002796173096e-01
3.655905723571777344e-01
3.657900094985961914e-01
3.655664324760437012e-01
3.658954501152038574e-01
4.556763470172882080e-01
4.500382542610168457e-01
4.434190690517425537e-01
4.396194815635681152e-01
4.366273581981658936e-01
4.350550174713134766e-01
4.343559145927429199e-01
4.337233901023864746e-01
4.333437681198120117e-01
4.323853552341461182e-01
5.113541483879089355e-01
5.032959580421447754e-01
4.967397153377532959e-01
4.923094511032104492e-01
4.888545870780944824e-01
4.864656925201416016e-01
4.850689470767974854e-01
4.849493205547332764e-01
4.852145612239837646e-01
4.847283363342285156e-01
5.518883466720581055e-01
5.450981855392456055e-01
5.380388498306274414e-01
5.330247879028320312e-01
5.296065807342529297e-01
5.271729230880737305e-01
5.255810022354125977e-01
5.246270895004272461e-01
5.232710838317871094e-01
5.217676758766174316e-01
5.802276730537414551e-01
5.746834874153137207e-01
5.678418278694152832e-01
5.626089572906494141e-01
5.587491393089294434e-01
5.571082234382629395e-01
5.552743673324584961e-01
5.542767047882080078e-01
5.541151762008666992e-01
5.533587336540222168e-01
6.043379902839660645e-01
5.992928147315979004e-01
5.929703712463378906e-01
5.878310799598693848e-01
5.838590264320373535e-01
5.812611579895019531e-01
5.789999365806579590e-01
5.769337415695190430e-01
5.750300288200378418e-01
5.738101601600646973e-01
6.206315159797668457e-01
6.170304417610168457e-01
6.120959520339965820e-01
6.072216033935546875e-01
6.039161682128906250e-01
6.015197038650512695e-01
5.999283194541931152e-01
5.985556244850158691e-01
5.968675613403320312e-01
5.958955883979797363e-01
6.331601142883300781e-01
6.287261843681335449e-01
6.230300068855285645e-01
6.185822486877441406e-01
6.147583723068237305e-01
6.115993857383728027e-01
6.096494197845458984e-01
6.085351705551147461e-01
6.081831455230712891e-01
6.074285507202148438e-01
6.436420679092407227e-01
6.389081478118896484e-01
6.338722705841064453e-01
6.295753717422485352e-01
6.264709234237670898e-01
6.234655380249023438e-01
6.215090155601501465e-01
6.196515560150146484e-01
6.182153820991516113e-01
6.171025633811950684e-01
6.491877436637878418e-01
6.454285979270935059e-01
6.406280994415283203e-01
6.370748877525329590e-01
6.342809200286865234e-01
6.321256160736083984e-01
6.297335028648376465e-01
6.278208494186401367e-01
6.265303492546081543e-01
6.252325177192687988e-01
6.541432142257690430e-01
6.521782279014587402e-01
6.486599445343017578e-01
6.452742815017700195e-01
6.426759958267211914e-01
6.406536102294921875e-01
6.385769844055175781e-01
6.370542645454406738e-01
6.352934241294860840e-01
6.339020729064941406e-01
6.584497690200805664e-01
6.544507145881652832e-01
6.502425074577331543e-01
6.467338800430297852e-01
6.438158750534057617e-01
6.412145495414733887e-01
6.393934488296508789e-01
6.382136344909667969e-01
6.376969814300537109e-01
6.367253065109252930e-01
6.606158614158630371e-01
6.576181054115295410e-01
6.544045209884643555e-01
6.520776152610778809e-01
6.501286625862121582e-01
6.484761238098144531e-01
6.471987366676330566e-01
6.461558341979980469e-01
6.447239518165588379e-01
6.433749794960021973e-01
6.618967056274414062e-01
6.584825515747070312e-01
6.548022031784057617e-01
6.520253419876098633e-01
6.503840088844299316e-01
6.489099264144897461e-01
6.470831632614135742e-01
6.449073553085327148e-01
6.431807279586791992e-01
6.421107053756713867e-01
6.618133187294006348e-01
6.584177613258361816e-01
6.553630828857421875e-01
6.530033349990844727e-01
6.514094471931457520e-01
6.501784920692443848e-01
6.487813591957092285e-01
6.472843289375305176e-01
6.461498141288757324e-01
6.449446678161621094e-01
6.635257005691528320e-01
6.605611443519592285e-01
6.577497720718383789e-01
6.552360653877258301e-01
6.529335379600524902e-01
6.512117385864257812e-01
6.498030424118041992e-01
6.483737230300903320e-01
6.470164060592651367e-01
6.458907127380371094e-01
6.603963971138000488e-01
6.583632230758666992e-01
6.554874777793884277e-01
6.533375382423400879e-01
6.515111327171325684e-01
6.503853797912597656e-01
6.490566134452819824e-01
6.480690240859985352e-01
6.471957564353942871e-01
6.463947892189025879e-01
6.622096300125122070e-01
6.598884463310241699e-01
6.570403575897216797e-01
6.548092961311340332e-01
6.530319452285766602e-01
6.519032716751098633e-01
6.510099768638610840e-01
6.502194404602050781e-01
6.492398977279663086e-01
6.479618549346923828e-01
6.599081754684448242e-01
6.574958562850952148e-01
6.551644802093505859e-01
6.533443927764892578e-01
6.516565084457397461e-01
6.507018804550170898e-01
6.494206786155700684e-01
6.480292081832885742e-01
6.464598178863525391e-01
6.449053883552551270e-01
6.585714221000671387e-01
6.565954089164733887e-01
6.548882126808166504e-01
6.534755825996398926e-01
6.517542004585266113e-01
6.500560641288757324e-01
6.486228108406066895e-01
6.474783420562744141e-01
6.464400291442871094e-01
6.458030939102172852e-01
6.570596694946289062e-01
6.551406979560852051e-01
6.533047556877136230e-01
6.515843868255615234e-01
6.502925157546997070e-01
6.494594812393188477e-01
6.484736800193786621e-01
6.471950411796569824e-01
6.465131044387817383e-01
6.454713344573974609e-01
6.551960706710815430e-01
6.524748206138610840e-01
6.500401496887207031e-01
6.484616398811340332e-01
6.471233963966369629e-01
6.457254290580749512e-01
6.448370218276977539e-01
6.442002654075622559e-01
6.433472037315368652e-01
6.422702670097351074e-01
6.518237590789794922e-01
6.505535840988159180e-01
6.487868428230285645e-01
6.463617086410522461e-01
6.445301771163940430e-01
6.432155966758728027e-01
6.421167254447937012e-01
6.412340998649597168e-01
6.405943632125854492e-01
6.399478316307067871e-01
6.509017348289489746e-01
6.489469408988952637e-01
6.469217538833618164e-01
6.454162597656250000e-01
6.440733671188354492e-01
6.429113745689392090e-01
6.420491933822631836e-01
6.410824656486511230e-01
6.404912471771240234e-01
6.399509906768798828e-01
9.953645989298820496e-03
2.354898490011692047e-02
5.406459420919418335e-02
8.935473114252090454e-02
1.200308278203010559e-01
1.397357434034347534e-01
1.518017202615737915e-01
1.583545804023742676e-01
1.647956520318984985e-01
1.717140376567840576e-01
2.550173699855804443e-01
2.591858804225921631e-01
2.616547048091888428e-01
2.652799487113952637e-01
2.678396999835968018e-01
2.714251875877380371e-01
2.744026780128479004e-01
2.769610881805419922e-01
2.810769081115722656e-01
2.840590178966522217e-01
3.022543489933013916e-01
3.006989955902099609e-01
2.992009520530700684e-01
2.988281548023223877e-01
2.994509041309356689e-01
3.003009855747222900e-01
3.008988797664642334e-01
3.015673160552978516e-01
3.027439117431640625e-01
3.037821054458618164e-01
3.204995393753051758e-01
3.187885284423828125e-01
3.179984688758850098e-01
3.173024952411651611e-01
3.170545697212219238e-01
3.173534572124481201e-01
3.175453245639801025e-01
3.171405196189880371e-01
3.168600201606750488e-01
3.167910873889923096e-01
3.335434198379516602e-01
3.319934308528900146e-01
3.292245566844940186e-01
3.275507390499114990e-01
3.269181251525878906e-01
3.268878757953643799e-01
3.268821239471435547e-01
3.270704448223114014e-01
3.271329104900360107e-01
3.272574245929718018e-01
3.446718752384185791e-01
3.424566090106964111e-01
3.396090865135192871e-01
3.379226028919219971e-01
3.369120061397552490e-01
3.361202180385589600e-01
3.357471525669097900e-01
3.355687856674194336e-01
3.354881703853607178e-01
3.355923891067504883e-01
3.506788611412048340e-01
3.491507768630981445e-01
3.468455076217651367e-01
3.453066349029541016e-01
3.442412018775939941e-01
3.433436155319213867e-01
3.429082930088043213e-01
3.425887525081634521e-01
3.422671854496002197e-01
3.421727418899536133e-01
3.598151504993438721e-01
3.572355806827545166e-01
3.540972471237182617e-01
3.520695567131042480e-01
3.507829308509826660e-01
3.499608039855957031e-01
3.490840792655944824e-01
3.487380445003509521e-01
3.482602834701538086e-01
3.481765091419219971e-01
3.648388981819152832e-01
3.624378442764282227e-01
3.601424694061279297e-01
3.584759235382080078e-01
3.573619723320007324e-01
3.564951717853546143e-01
3.559544980525970459e-01
3.557878732681274414e-01
3.552532494068145752e-01
3.545953333377838135e-01
3.692028224468231201e-01
3.675446510314941406e-01
3.650414049625396729e-01
3.625670969486236572e-01
3.606693744659423828e-01
3.594830930233001709e-01
3.589416742324829102e-01
3.583235442638397217e-01
3.578448295593261719e-01
3.573673069477081299e-01
3.743269443511962891e-01
