1.052410677075386047e-01
1.101412251591682434e-01
1.159192174673080444e-01
1.218401715159416199e-01
1.277134120464324951e-01
1.329950094223022461e-01
1.374743431806564331e-01
1.425713300704956055e-01
1.491158902645111084e-01
1.535241752862930298e-01
1.587226986885070801e-01
1.649465858936309814e-01
1.688582152128219604e-01
1.739057600498199463e-01
1.783062815666198730e-01
1.831406950950622559e-01
1.883905380964279175e-01
1.935088932514190674e-01
1.998457163572311401e-01
2.314258068799972534e-01
2.369955331087112427e-01
2.406119853258132935e-01
2.421798259019851685e-01
2.449592947959899902e-01
2.497577071189880371e-01
2.533026933670043945e-01
2.562276721000671387e-01
2.573700845241546631e-01
2.584323287010192871e-01
9.904630482196807861e-03
1.887336745858192444e-02
3.706511110067367554e-02
6.540834903717041016e-02
9.106936305761337280e-02
1.064271330833435059e-01
1.159972473978996277e-01
1.240722090005874634e-01
1.336060613393783569e-01
1.425179988145828247e-01
1.994009315967559814e-01
2.099774032831192017e-01
2.173712104558944702e-01
2.237206548452377319e-01
2.294959276914596558e-01
2.328501045703887939e-01
2.381947785615921021e-01
2.439444214105606079e-01
2.493577152490615845e-01
2.564262747764587402e-01
3.152076601982116699e-01
3.104797303676605225e-01
3.042337894439697266e-01
3.027614653110504150e-01
3.003878891468048096e-01
2.996457517147064209e-01
3.010479211807250977e-01
3.024351298809051514e-01
3.020396530628204346e-01
3.033365905284881592e-01
9.905223734676837921e-03
2.300705201923847198e-02
4.746200144290924072e-02
8.459620177745819092e-02
1.194633245468139648e-01
1.422051787376403809e-01
1.574813425540924072e-01
1.679928153753280640e-01
1.749741733074188232e-01
1.803553104400634766e-01
2.178509682416915894e-01
2.199739217758178711e-01
2.217962443828582764e-01
2.253627479076385498e-01
2.263417541980743408e-01
2.298257946968078613e-01
2.336140125989913940e-01
2.370291799306869507e-01
2.400591224431991577e-01
2.424847781658172607e-01
2.864549160003662109e-01
2.802402377128601074e-01
2.750536203384399414e-01
2.726333439350128174e-01
2.721819579601287842e-01
2.726748585700988770e-01
2.726231217384338379e-01
2.744992971420288086e-01
2.761331498622894287e-01
2.772799134254455566e-01
9.935652837157249451e-03
2.846093475818634033e-02
6.772345304489135742e-02
1.197021231055259705e-01
1.517884284257888794e-01
1.712886095046997070e-01
1.850378811359405518e-01
1.955906599760055542e-01
2.000005841255187988e-01
2.021854966878890991e-01
2.296088933944702148e-01
