1.052410751581192017e-01
1.101413220167160034e-01
1.159193292260169983e-01
1.218404397368431091e-01
1.277140676975250244e-01
1.329958587884902954e-01
1.374749988317489624e-01
1.425716280937194824e-01
1.491153538227081299e-01
1.544619798660278320e-01
1.594249159097671509e-01
1.654427945613861084e-01
1.691798865795135498e-01
1.740008890628814697e-01
1.785493046045303345e-01
1.835513561964035034e-01
1.889696270227432251e-01
1.942541748285293579e-01
2.003704607486724854e-01
2.041554749011993408e-01
2.104049921035766602e-01
2.154970318078994751e-01
2.183005511760711670e-01
2.219071686267852783e-01
2.276398837566375732e-01
2.319776862859725952e-01
2.353150397539138794e-01
2.369512021541595459e-01
2.382389008998870850e-01
2.392551451921463013e-01
2.403932213783264160e-01
2.430864572525024414e-01
2.467473149299621582e-01
2.490831911563873291e-01
2.509424686431884766e-01
2.530299425125122070e-01
2.550076842308044434e-01
2.577909231185913086e-01
2.609733641147613525e-01
2.630772888660430908e-01
2.658452391624450684e-01
2.684321999549865723e-01
2.703378200531005859e-01
2.717789411544799805e-01
2.717256546020507812e-01
2.729045748710632324e-01
2.759739756584167480e-01
2.790247797966003418e-01
2.827954590320587158e-01
2.871053814888000488e-01
2.886981368064880371e-01
2.896392345428466797e-01
2.908600270748138428e-01
2.910372018814086914e-01
2.916895449161529541e-01
2.928943336009979248e-01
2.934143245220184326e-01
2.938697338104248047e-01
2.951744198799133301e-01
3.694530725479125977e-01
3.683016598224639893e-01
3.663789033889770508e-01
3.661117851734161377e-01
3.656495213508605957e-01
3.642706871032714844e-01
3.644411265850067139e-01
3.650618791580200195e-01
3.647341728210449219e-01
3.647838532924652100e-01
4.551545083522796631e-01
4.504290521144866943e-01
4.443705677986145020e-01
4.405543506145477295e-01
4.369127452373504639e-01
4.351166188716888428e-01
4.343172907829284668e-01
4.333832859992980957e-01
4.332461655139923096e-01
4.327329695224761963e-01
5.105004906654357910e-01
5.024124383926391602e-01
4.959770143032073975e-01
4.917035996913909912e-01
4.881224930286407471e-01
4.851922392845153809e-01
4.838851094245910645e-01
4.835535585880279541e-01
4.837608933448791504e-01
4.835032820701599121e-01
5.519914031028747559e-01
5.454849600791931152e-01
5.376905202865600586e-01
5.321260690689086914e-01
5.283315181732177734e-01
5.254839658737182617e-01
5.234822630882263184e-01
5.226892828941345215e-01
5.216288566589355469e-01
5.203176140785217285e-01
5.794218778610229492e-01
